1702594079.332009,3
1702594079.434690,8
1702594079.537300,18
1702594079.639577,31
1702594079.742313,37
1702594079.847265,46
1702594079.950023,53
1702594080.052569,59
1702594080.154878,66
1702594080.256901,71
1702594080.359363,80
1702594080.461796,88
1702594080.564527,94
1702594080.667037,100
1702594080.769578,100
1702594080.874222,100
1702594080.977049,100
1702594081.079551,100
1702594081.182048,100
1702594081.284699,100
1702594081.387032,100
1702594081.489632,100
1702594081.592461,100
1702594081.695954,100
1702594081.802050,100
1702594081.904752,100
1702594082.007289,100
1702594082.109571,100
1702594082.211972,100
1702594082.314037,100
1702594082.416171,100
1702594082.518302,100
1702594082.620830,100
1702594082.723615,100
1702594082.827472,100
1702594082.929988,100
1702594083.033053,99
1702594083.135731,100
1702594083.238381,100
1702594083.340956,100
1702594083.444389,100
1702594083.546926,100
1702594083.649735,100
1702594083.752522,100
1702594083.856860,100
1702594083.959175,99
1702594084.061182,100
1702594084.163142,100
1702594084.265815,100
1702594084.368340,100
1702594084.470860,100
1702594084.573839,100
1702594084.677140,100
1702594084.784832,100
1702594084.887455,99
1702594084.990155,100
1702594085.093033,99
1702594085.195428,100
1702594085.298051,100
1702594085.400426,100
1702594085.502524,100
1702594085.605140,100
1702594085.707809,99
1702594085.811847,93
1702594085.914309,88
1702594086.016415,83
1702594086.118697,84
1702594086.220611,85
1702594086.322710,85
1702594086.425150,87
1702594086.527528,88
1702594086.629815,89
1702594086.732057,90
1702594086.835711,90
1702594086.938154,91
1702594087.040468,90
1702594087.142627,89
1702594087.244725,88
1702594087.347013,86
1702594087.449679,85
1702594087.551873,85
1702594087.653919,85
1702594087.755995,85
1702594087.859621,85
1702594087.962097,85
1702594088.064227,85
1702594088.166225,85
1702594088.268455,86
1702594088.370779,86
1702594088.474183,86
1702594088.576506,86
1702594088.678709,86
1702594088.784861,85
1702594088.886954,85
1702594088.989036,84
1702594089.091606,85
1702594089.194529,84
1702594089.297308,85
1702594089.399441,84
1702594089.501532,85
1702594089.604225,85
1702594089.706594,84
1702594089.812445,84
1702594089.914678,84
1702594090.016697,84
1702594090.119454,84
1702594090.221593,84
1702594090.323860,84
1702594090.425900,85
1702594090.527829,84
1702594090.630599,84
1702594090.733107,84
1702594090.836610,84
1702594090.939003,84
1702594091.041221,84
1702594091.143715,84
1702594091.245730,84
1702594091.347893,84
1702594091.450106,84
1702594091.552152,84
1702594091.654843,84
1702594091.757173,84
1702594091.860548,85
1702594091.962574,85
1702594092.064799,85
1702594092.166757,85
1702594092.269128,85
1702594092.371563,85
1702594092.474079,85
1702594092.576333,85
1702594092.679229,84
1702594092.792356,85
1702594092.896548,85
1702594092.999297,85
1702594093.102083,85
1702594093.205354,85
1702594093.308172,85
1702594093.411095,85
1702594093.514095,85
1702594093.616630,85
1702594093.719298,85
1702594093.824415,86
1702594093.926800,87
1702594094.029589,87
1702594094.131837,87
1702594094.235176,87
1702594094.337951,87
1702594094.440472,87
1702594094.542895,87
1702594094.645414,87
1702594094.747882,86
1702594094.852162,87
1702594094.954539,87
1702594095.056834,87
1702594095.160707,87
1702594095.263276,87
1702594095.365897,87
1702594095.469016,87
1702594095.572675,87
1702594095.675574,87
1702594095.785295,87
1702594095.888522,87
1702594095.991720,87
1702594096.095007,87
1702594096.197939,86
1702594096.300762,85
1702594096.403521,85
1702594096.506249,86
1702594096.611141,86
1702594096.714172,86
1702594096.820766,85
1702594096.923846,85
1702594097.026875,85
1702594097.129461,85
1702594097.232588,86
1702594097.335221,85
1702594097.437779,85
1702594097.540586,85
1702594097.643401,86
1702594097.747780,87
1702594097.853516,86
1702594097.957039,86
1702594098.059890,86
1702594098.162247,88
1702594098.264299,88
1702594098.366862,88
1702594098.470047,87
1702594098.572576,87
1702594098.675454,87
1702594098.783270,87
1702594098.885966,88
1702594098.988283,88
1702594099.091420,88
1702594099.194663,88
1702594099.297568,87
1702594099.400352,87
1702594099.502830,87
1702594099.605500,87
1702594099.708087,87
1702594099.813224,87
1702594099.915728,88
1702594100.018129,87
1702594100.120640,87
1702594100.223413,87
1702594100.325966,87
1702594100.428700,87
1702594100.531543,87
1702594100.634416,87
1702594100.737639,87
1702594100.841640,87
1702594100.947150,87
1702594101.050539,87
1702594101.153089,88
1702594101.255230,88
1702594101.357521,88
1702594101.459736,88
1702594101.562429,88
1702594101.664986,88
1702594101.767572,88
1702594101.871192,88
1702594101.973930,88
1702594102.077244,88
1702594102.180248,89
1702594102.285072,89
1702594102.390326,89
1702594102.495621,89
1702594102.599926,89
1702594102.702879,89
1702594102.812814,89
1702594102.915488,89
1702594103.018259,89
1702594103.121096,89
1702594103.223837,90
1702594103.326505,90
1702594103.437551,90
1702594103.550283,90
1702594103.676045,88
1702594103.837867,88
1702594103.972248,87
1702594104.080952,87
1702594104.192100,87
1702594104.300131,88
1702594104.404241,88
1702594104.510785,88
1702594104.614125,88
1702594104.717113,88
1702594104.825321,88
1702594104.928070,88
1702594105.030800,88
1702594105.133342,88
1702594105.235839,88
1702594105.338707,88
1702594105.445741,88
1702594105.551024,88
1702594105.659638,88
1702594105.762746,88
1702594105.866541,88
1702594105.969148,88
1702594106.071772,88
1702594106.174503,88
1702594106.277497,88
1702594106.380341,88
1702594106.485149,88
1702594106.588135,88
1702594106.691160,88
1702594106.797358,88
1702594106.900525,88
1702594107.003708,89
1702594107.106874,89
1702594107.209770,89
1702594107.312416,89
1702594107.414832,89
1702594107.517544,89
1702594107.620349,89
1702594107.723092,89
1702594107.828678,89
1702594107.931526,88
1702594108.036591,88
1702594108.143688,87
1702594108.259800,88
1702594108.369441,88
1702594108.475657,88
1702594108.578481,88
1702594108.681731,88
1702594108.788236,89
1702594108.891232,89
1702594108.994022,89
1702594109.096847,89
1702594109.200583,89
1702594109.303330,89
1702594109.405946,89
1702594109.508748,89
1702594109.611670,90
1702594109.715282,89
1702594109.817821,91
1702594109.920188,90
1702594110.022485,90
1702594110.125034,90
1702594110.227826,90
1702594110.330541,90
1702594110.433107,90
1702594110.535896,90
1702594110.638902,91
1702594110.741750,90
1702594110.847590,90
1702594110.950016,90
1702594111.052282,90
1702594111.154830,90
1702594111.257246,90
1702594111.359329,90
1702594111.461809,91
1702594111.564033,91
1702594111.666450,90
1702594111.768973,90
1702594111.871402,90
1702594111.973367,90
1702594112.075550,90
1702594112.177699,90
1702594112.279898,90
1702594112.382264,90
1702594112.484652,90
1702594112.586856,90
1702594112.689204,90
1702594112.791599,90
1702594112.894136,91
1702594112.996317,91
1702594113.098669,91
1702594113.200873,91
1702594113.303564,92
1702594113.405487,92
1702594113.507612,92
1702594113.609888,92
1702594113.713245,92
1702594113.816040,91
1702594113.918746,91
1702594114.021181,92
1702594114.123367,92
1702594114.225490,92
1702594114.328007,92
1702594114.430499,92
1702594114.532619,92
1702594114.635054,92
1702594114.737337,92
1702594114.839530,92
1702594114.941674,92
1702594115.043868,92
1702594115.146290,92
1702594115.248409,92
1702594115.350656,92
1702594115.453110,93
1702594115.555211,93
1702594115.657836,93
1702594115.760449,93
1702594115.863034,93
1702594115.965501,93
1702594116.067743,93
1702594116.169784,93
1702594116.271778,93
1702594116.373891,93
1702594116.476099,93
1702594116.578375,93
1702594116.680644,94
1702594116.782999,94
1702594116.885105,94
1702594116.987214,94
1702594117.089356,94
1702594117.191655,95
1702594117.293818,95
1702594117.395902,95
1702594117.497965,95
1702594117.600003,95
1702594117.702438,95
1702594117.804809,95
1702594117.906943,95
1702594118.009048,95
1702594118.111109,95
1702594118.213161,95
1702594118.315415,95
1702594118.417643,95
1702594118.519645,95
1702594118.621784,95
1702594118.725462,95
1702594118.828183,95
1702594118.930523,95
1702594119.032621,95
1702594119.134733,95
1702594119.236897,96
1702594119.339585,96
1702594119.442007,96
1702594119.544046,96
1702594119.646231,96
1702594119.748825,96
1702594119.851111,96
1702594119.953460,96
1702594120.055629,97
1702594120.157639,97
1702594120.259784,97
1702594120.362240,97
1702594120.464370,97
1702594120.566557,97
1702594120.668887,96
1702594120.771315,96
1702594120.873458,96
1702594120.975635,96
1702594121.077700,95
1702594121.179802,96
1702594121.282159,96
1702594121.384206,96
1702594121.486366,96
1702594121.588908,96
1702594121.692055,96
1702594121.797823,97
1702594121.903685,97
1702594122.010989,97
1702594122.116274,97
1702594122.219527,97
1702594122.322484,97
1702594122.425152,97
1702594122.527883,97
1702594122.630838,96
1702594122.733912,96
1702594122.836247,96
1702594122.939182,96
1702594123.042123,96
1702594123.144832,96
1702594123.249018,96
1702594123.351889,96
1702594123.454826,96
1702594123.557544,96
1702594123.660393,96
1702594123.763671,96
1702594123.867844,96
1702594123.970843,96
1702594124.073954,96
1702594124.177623,96
1702594124.280811,96
1702594124.384421,96
1702594124.487333,96
1702594124.590262,96
1702594124.693182,96
1702594124.796316,90
1702594124.899055,86
1702594125.002455,79
1702594125.105258,78
1702594125.208038,77
1702594125.310816,77
1702594125.414401,77
1702594125.517688,78
1702594125.620581,79
1702594125.723556,79
1702594125.830351,80
1702594125.933701,80
1702594126.036556,80
1702594126.139346,80
1702594126.242484,79
1702594126.345377,80
1702594126.448419,80
1702594126.551805,80
1702594126.654594,80
1702594126.757498,80
1702594126.860478,80
1702594126.964009,80
1702594127.066937,80
1702594127.170466,80
1702594127.273252,80
1702594127.377472,80
1702594127.480422,80
1702594127.583407,81
1702594127.688147,81
1702594127.793701,80
1702594127.896881,80
1702594127.999466,79
1702594128.102632,79
1702594128.207883,79
1702594128.311019,79
1702594128.413728,79
1702594128.516866,79
1702594128.621363,79
1702594128.724698,79
1702594128.830454,79
1702594128.935444,79
1702594129.038471,79
1702594129.141515,79
1702594129.244134,79
1702594129.346765,79
1702594129.449115,79
1702594129.551175,79
1702594129.653465,79
1702594129.755939,80
1702594129.861044,80
1702594129.963195,80
1702594130.065349,80
1702594130.167394,80
1702594130.269858,80
1702594130.372020,80
1702594130.474106,80
1702594130.576102,80
1702594130.678294,80
1702594130.786219,80
1702594130.888473,80
1702594130.991178,80
1702594131.093714,80
1702594131.196338,80
1702594131.298836,80
1702594131.401340,80
1702594131.503641,80
1702594131.605687,80
1702594131.707776,81
1702594131.813761,80
1702594131.916285,81
1702594132.018733,81
1702594132.121012,81
1702594132.222978,81
1702594132.325439,81
1702594132.427548,81
1702594132.529684,81
1702594132.631764,81
1702594132.733942,81
1702594132.839629,81
1702594132.942170,82
1702594133.044915,82
1702594133.147130,83
1702594133.249381,82
1702594133.352066,82
1702594133.454574,82
1702594133.557010,82
1702594133.659179,82
1702594133.761534,82
1702594133.867133,82
1702594133.969854,83
1702594134.072218,83
1702594134.174440,83
1702594134.276576,83
1702594134.379278,84
1702594134.481905,84
1702594134.583902,84
1702594134.686041,84
1702594134.791996,84
1702594134.894114,84
1702594134.996670,84
1702594135.098807,84
1702594135.200996,84
1702594135.303204,83
1702594135.405973,84
1702594135.508780,84
1702594135.611848,84
1702594135.714991,85
1702594135.826058,85
1702594135.929451,85
1702594136.034168,85
1702594136.136797,85
1702594136.239117,85
1702594136.341739,84
1702594136.443996,85
1702594136.546343,85
1702594136.648496,85
1702594136.751127,85
1702594136.857011,85
1702594136.959588,85
1702594137.062371,85
1702594137.164707,84
1702594137.267473,84
1702594137.373093,83
1702594137.475950,84
1702594137.578351,84
1702594137.685759,84
1702594137.794339,84
1702594137.898128,85
1702594138.001892,84
1702594138.104589,84
1702594138.207361,84
1702594138.310245,84
1702594138.417366,84
1702594138.520290,84
1702594138.623054,84
1702594138.726046,84
1702594138.839087,84
1702594138.945026,85
1702594139.049171,85
1702594139.153217,85
1702594139.256312,85
1702594139.359229,85
1702594139.467315,85
1702594139.570219,85
1702594139.672991,85
1702594139.786953,85
1702594139.890936,85
1702594139.997651,85
1702594140.100884,86
1702594140.203804,85
1702594140.306653,85
1702594140.409205,86
1702594140.511555,84
1702594140.614073,85
1702594140.716182,85
1702594140.821542,85
1702594140.924358,84
1702594141.027449,85
1702594141.130735,85
1702594141.233482,85
1702594141.336199,85
1702594141.438426,86
1702594141.540943,86
1702594141.643100,86
1702594141.745717,86
1702594141.850889,86
1702594141.953623,86
1702594142.056004,86
1702594142.158539,86
1702594142.261061,88
1702594142.363761,88
1702594142.470220,87
1702594142.572524,88
1702594142.675012,88
1702594142.783520,88
1702594142.890399,88
1702594142.993451,89
1702594143.098760,88
1702594143.201775,88
1702594143.304520,88
1702594143.407249,88
1702594143.510537,89
1702594143.613362,89
1702594143.716264,89
1702594143.822199,89
1702594143.926062,89
1702594144.028803,89
1702594144.131635,89
1702594144.234497,89
1702594144.337513,89
1702594144.440505,89
1702594144.543672,89
1702594144.646655,89
1702594144.749840,89
1702594144.855714,90
1702594144.958704,87
1702594145.063715,88
1702594145.166872,88
1702594145.269851,87
1702594145.372583,87
1702594145.475396,87
1702594145.578235,89
1702594145.681203,87
1702594145.787932,88
1702594145.891460,88
1702594145.994262,87
1702594146.097044,88
1702594146.199911,88
1702594146.302693,88
1702594146.406291,88
1702594146.509341,88
1702594146.612359,88
1702594146.715157,88
1702594146.820549,88
1702594146.923348,88
1702594147.026402,89
1702594147.129320,88
1702594147.232456,88
1702594147.335216,89
1702594147.437846,88
1702594147.540676,88
1702594147.644081,88
1702594147.747195,89
1702594147.852924,88
1702594147.955678,88
1702594148.059587,89
1702594148.162921,89
1702594148.266464,89
1702594148.369310,89
1702594148.472335,89
1702594148.575290,89
1702594148.678418,89
1702594148.786582,89
1702594148.889864,88
1702594148.992943,89
1702594149.095858,89
1702594149.198908,89
1702594149.302090,89
1702594149.405079,89
1702594149.507864,90
1702594149.611292,90
1702594149.714158,90
1702594149.820340,90
1702594149.923386,92
1702594150.026152,91
1702594150.129428,91
1702594150.232458,92
1702594150.335403,92
1702594150.438277,91
1702594150.541145,91
1702594150.644122,92
1702594150.747043,92
1702594150.852636,92
1702594150.955710,92
1702594151.058591,92
1702594151.161397,92
1702594151.264459,92
1702594151.367373,92
1702594151.470161,92
1702594151.573056,92
1702594151.676389,92
1702594151.783493,92
1702594151.886388,93
1702594151.991519,93
1702594152.094301,94
1702594152.197124,93
1702594152.299378,93
1702594152.401711,94
1702594152.504538,94
1702594152.607406,93
1702594152.710137,93
1702594152.815504,95
1702594152.917749,94
1702594153.020141,94
1702594153.125017,95
1702594153.228066,95
1702594153.331024,95
1702594153.433804,95
1702594153.536930,94
1702594153.639937,94
1702594153.742962,93
1702594153.848796,94
1702594153.951711,94
1702594154.054215,94
1702594154.156963,93
1702594154.259778,93
1702594154.362797,93
1702594154.465604,93
1702594154.568739,94
1702594154.671473,93
1702594154.774541,92
1702594154.880174,92
1702594154.983627,93
1702594155.086500,92
1702594155.189441,91
1702594155.291781,92
1702594155.394203,92
1702594155.496384,91
1702594155.598582,91
1702594155.701339,92
1702594155.806879,92
1702594155.909156,93
1702594156.011347,93
1702594156.113543,93
1702594156.215822,93
1702594156.318297,93
1702594156.420667,93
1702594156.522684,93
1702594156.624902,93
1702594156.727259,93
1702594156.832344,93
1702594156.934584,93
1702594157.036674,93
1702594157.138686,94
1702594157.240955,94
1702594157.343431,93
1702594157.445831,93
1702594157.548007,94
1702594157.649999,94
1702594157.752146,93
1702594157.857329,94
1702594157.959503,94
1702594158.061406,93
1702594158.163669,93
1702594158.266175,94
1702594158.368623,94
1702594158.471316,94
1702594158.574112,94
1702594158.676954,95
1702594158.784861,95
1702594158.887772,95
1702594158.990767,95
1702594159.095651,95
1702594159.198466,95
1702594159.301765,94
1702594159.404578,94
1702594159.520224,94
1702594159.630516,95
1702594159.748197,97
1702594159.858956,96
1702594159.969522,94
1702594160.072792,97
1702594160.176134,97
1702594160.280070,96
1702594160.383289,97
1702594160.486172,97
1702594160.588961,96
1702594160.691897,96
1702594160.798152,97
1702594160.901052,97
1702594161.003682,97
1702594161.106155,97
1702594161.208781,97
1702594161.311088,96
1702594161.414084,97
1702594161.516892,97
1702594161.619526,97
1702594161.722301,97
1702594161.828624,97
1702594161.943376,97
1702594162.050953,96
1702594162.154206,96
1702594162.257924,98
1702594162.360660,97
1702594162.471668,97
1702594162.577780,98
1702594162.680836,97
1702594162.787413,96
1702594162.890851,96
1702594162.993406,97
1702594163.096026,97
1702594163.198595,96
1702594163.300873,97
1702594163.402889,97
1702594163.505006,96
1702594163.607079,97
1702594163.709650,96
1702594163.814861,96
1702594163.917541,96
1702594164.020248,96
1702594164.132093,96
1702594164.235298,95
1702594164.338238,96
1702594164.441195,96
1702594164.543658,96
1702594164.646740,96
1702594164.762137,97
1702594164.870980,97
1702594164.974472,96
1702594165.079170,96
1702594165.182004,97
1702594165.284635,97
1702594165.386876,96
1702594165.489039,97
1702594165.591467,97
1702594165.693882,96
1702594165.800114,96
1702594165.914300,97
1702594166.020144,97
1702594166.128432,97
1702594166.231903,97
1702594166.334694,97
1702594166.437624,97
1702594166.540081,97
1702594166.642362,97
1702594166.746703,97
1702594166.852851,97
1702594166.955947,97
1702594167.058515,97
1702594167.161143,97
1702594167.263620,97
1702594167.366139,97
1702594167.470295,98
1702594167.574068,98
1702594167.678114,100
1702594167.786518,100
1702594167.890026,98
1702594167.992843,99
1702594168.095573,100
1702594168.198776,100
1702594168.301788,99
1702594168.404802,99
1702594168.507849,100
1702594168.612061,98
1702594168.715683,100
1702594168.821527,100
1702594168.924376,100
1702594169.027025,100
1702594169.131774,99
1702594169.234561,99
1702594169.337487,99
1702594169.439856,99
1702594169.542272,99
1702594169.644376,99
1702594169.746787,99
1702594169.852062,99
1702594169.954750,99
1702594170.057646,99
1702594170.159793,100
1702594170.262044,99
1702594170.364268,99
1702594170.466475,98
1702594170.568602,99
1702594170.670953,99
1702594170.773322,99
1702594170.878177,98
1702594170.980456,99
1702594171.082626,99
1702594171.184760,98
1702594171.286842,99
1702594171.389580,98
1702594171.491707,98
1702594171.593797,100
1702594171.696190,99
1702594171.803109,99
1702594171.906187,99
1702594172.010399,99
1702594172.113197,99
1702594172.215748,99
1702594172.318037,98
1702594172.420301,98
1702594172.532600,98
1702594172.640036,98
1702594172.747123,98
1702594172.853321,98
1702594172.956239,96
1702594173.058952,92
1702594173.173030,84
1702594173.284060,75
1702594173.390098,68
1702594173.498829,60
1702594173.601901,55
1702594173.704637,49
1702594173.811009,50
1702594173.913561,50
1702594174.016140,50
1702594174.118856,50
1702594174.220954,50
1702594174.323582,51
1702594174.426058,51
1702594174.528191,51
1702594174.630461,51
1702594174.732667,51
1702594174.837940,50
1702594174.941203,51
1702594175.043863,51
1702594175.146160,51
1702594175.248664,51
1702594175.351381,51
1702594175.454055,51
1702594175.556247,50
1702594175.658282,51
1702594175.760538,52
1702594175.865726,52
1702594175.968320,52
1702594176.070536,52
1702594176.174330,52
1702594176.286116,52
1702594176.395194,52
1702594176.498441,52
1702594176.601303,52
1702594176.703889,53
1702594176.809709,53
1702594176.912160,53
1702594177.014634,53
1702594177.116937,54
1702594177.219469,54
1702594177.321776,54
1702594177.430132,53
1702594177.532355,54
1702594177.634348,54
1702594177.736372,54
1702594177.841318,54
1702594177.943518,54
1702594178.045700,54
1702594178.147721,54
1702594178.250094,53
1702594178.352272,54
1702594178.454589,54
1702594178.556602,54
1702594178.659040,55
1702594178.761557,55
1702594178.867192,55
1702594178.969959,54
1702594179.072482,54
1702594179.175192,54
1702594179.277811,54
1702594179.380570,54
1702594179.482835,54
1702594179.585851,54
1702594179.689806,54
1702594179.795931,54
1702594179.898755,54
1702594180.001418,54
1702594180.104282,55
1702594180.207176,55
1702594180.309805,54
1702594180.412716,56
1702594180.528299,56
1702594180.634880,56
1702594180.742772,56
1702594180.851878,56
1702594180.956278,56
1702594181.059204,55
1702594181.161856,56
1702594181.264289,56
1702594181.366841,57
1702594181.469713,56
1702594181.573010,56
1702594181.675734,57
1702594181.782814,57
1702594181.885758,57
1702594181.988837,56
1702594182.096913,56
1702594182.200505,56
1702594182.302990,56
1702594182.405511,57
1702594182.508233,56
1702594182.610513,56
1702594182.716108,56
1702594182.823889,57
1702594182.927387,57
1702594183.030018,57
1702594183.132706,57
1702594183.235373,58
1702594183.337745,58
1702594183.440134,58
1702594183.542644,58
1702594183.645285,58
1702594183.748032,58
1702594183.853959,58
1702594183.957192,58
1702594184.060612,59
1702594184.163307,59
1702594184.265960,60
1702594184.369001,59
1702594184.476763,59
1702594184.619869,60
1702594184.723782,59
1702594184.830069,60
1702594184.932983,60
1702594185.036003,59
1702594185.138818,60
1702594185.241566,59
1702594185.344389,59
1702594185.449174,60
1702594185.551656,60
1702594185.655671,60
1702594185.758642,62
1702594185.864119,59
1702594185.966734,60
1702594186.069222,60
1702594186.171719,59
1702594186.274338,59
1702594186.378330,59
1702594186.483824,61
1702594186.587095,61
1702594186.690222,61
1702594186.795703,61
1702594186.898385,62
1702594187.001637,61
1702594187.104604,61
1702594187.207422,60
1702594187.310192,59
1702594187.412876,60
1702594187.515352,60
1702594187.618387,59
1702594187.721309,60
1702594187.827188,60
1702594187.930187,60
1702594188.033222,59
1702594188.135957,61
1702594188.238826,61
1702594188.342262,60
1702594188.445875,61
1702594188.548818,62
1702594188.651612,62
1702594188.754531,62
1702594188.860238,62
1702594188.963297,63
1702594189.065888,63
1702594189.168222,62
1702594189.272160,62
1702594189.377643,63
1702594189.481386,62
1702594189.584289,62
1702594189.687214,63
1702594189.793294,63
1702594189.896044,63
1702594189.998846,63
1702594190.102220,62
1702594190.204914,63
1702594190.307256,62
1702594190.409708,62
1702594190.512188,62
1702594190.614376,63
1702594190.716746,63
1702594190.822991,64
1702594190.925597,62
1702594191.028267,62
1702594191.131381,63
1702594191.234154,63
1702594191.337244,62
1702594191.440480,63
1702594191.542869,64
1702594191.645149,64
1702594191.747461,64
1702594191.853381,64
1702594191.956033,64
1702594192.058809,64
1702594192.161152,64
1702594192.268777,64
1702594192.373546,65
1702594192.477814,65
1702594192.580665,66
1702594192.683025,66
1702594192.789360,65
1702594192.892038,65
1702594192.995314,66
1702594193.101210,65
1702594193.203948,65
1702594193.306566,66
1702594193.408870,66
1702594193.511460,66
1702594193.613662,66
1702594193.715776,66
1702594193.823587,65
1702594193.927826,66
1702594194.030493,66
1702594194.132950,65
1702594194.235641,65
1702594194.338540,65
1702594194.441846,66
1702594194.544200,66
1702594194.646410,65
1702594194.748711,66
1702594194.854919,66
1702594194.957504,65
1702594195.059891,66
1702594195.162212,66
1702594195.264723,66
1702594195.367355,66
1702594195.470038,66
1702594195.572419,66
1702594195.674634,66
1702594195.782665,66
1702594195.885433,66
1702594195.987898,67
1702594196.093357,66
1702594196.196161,67
1702594196.298545,67
1702594196.401034,65
1702594196.503767,66
1702594196.605879,67
1702594196.708184,67
1702594196.812694,67
1702594196.915303,68
1702594197.018057,68
1702594197.120510,68
1702594197.223133,68
1702594197.325515,68
1702594197.428234,69
1702594197.530375,69
1702594197.633157,69
1702594197.736332,68
1702594197.842189,68
1702594197.944512,67
1702594198.046968,69
1702594198.149117,69
1702594198.251553,68
1702594198.353830,68
1702594198.455932,68
1702594198.558198,69
1702594198.660425,67
1702594198.762713,69
1702594198.871952,68
1702594198.979430,68
1702594199.082783,69
1702594199.187978,69
1702594199.291421,69
1702594199.394704,69
1702594199.497255,69
1702594199.599662,69
1702594199.701834,69
1702594199.807970,70
1702594199.913203,70
1702594200.016134,70
1702594200.119358,68
1702594200.222081,70
1702594200.324790,70
1702594200.427461,69
1702594200.530071,69
1702594200.632658,70
1702594200.735569,70
1702594200.840842,70
1702594200.943290,70
1702594201.045641,70
1702594201.147791,70
1702594201.250001,71
1702594201.352158,71
1702594201.454416,71
1702594201.556678,71
1702594201.659042,72
1702594201.761359,72
1702594201.867766,71
1702594201.971611,70
1702594202.074111,71
1702594202.176233,71
1702594202.278653,70
1702594202.380799,71
1702594202.483395,71
1702594202.590588,70
1702594202.696120,71
1702594202.803135,71
1702594202.906713,71
1702594203.009973,71
1702594203.112669,71
1702594203.215007,71
1702594203.317209,70
1702594203.419183,71
1702594203.521330,72
1702594203.624616,72
1702594203.727441,71
1702594203.833503,72
1702594203.937236,71
1702594204.040849,72
1702594204.143581,70
1702594204.245958,71
1702594204.348717,71
1702594204.451041,70
1702594204.554628,71
1702594204.657073,71
1702594204.759768,71
1702594204.864763,71
1702594204.968156,72
1702594205.072679,72
1702594205.177237,72
1702594205.279902,72
1702594205.382193,72
1702594205.484577,72
1702594205.590191,72
1702594205.692964,73
1702594205.798892,73
1702594205.902193,72
1702594206.005407,73
1702594206.109030,73
1702594206.211922,73
1702594206.314652,72
1702594206.417549,73
1702594206.522195,73
1702594206.625004,73
1702594206.727473,73
1702594206.833170,73
1702594206.940393,73
1702594207.043220,73
1702594207.146218,74
1702594207.249205,74
1702594207.353168,74
1702594207.456383,74
1702594207.559319,75
1702594207.662940,75
1702594207.766042,74
1702594207.871923,75
1702594207.975126,75
1702594208.077835,74
1702594208.180406,75
1702594208.283887,75
1702594208.395867,75
1702594208.501583,74
1702594208.604426,75
1702594208.707103,75
1702594208.813169,75
1702594208.916040,75
1702594209.018311,77
1702594209.120403,77
1702594209.230001,77
1702594209.333455,76
1702594209.435853,76
1702594209.538452,76
1702594209.644785,77
1702594209.747469,77
1702594209.852981,77
1702594209.955358,77
1702594210.058132,76
1702594210.166206,76
1702594210.272351,75
1702594210.375359,76
1702594210.477608,76
1702594210.579966,76
1702594210.682087,76
1702594210.788085,76
1702594210.890963,76
1702594210.995662,76
1702594211.098521,75
1702594211.201333,75
1702594211.303573,75
1702594211.410164,75
1702594211.513592,75
1702594211.616309,76
1702594211.718648,75
1702594211.824227,76
1702594211.927525,76
1702594212.030831,76
1702594212.133840,76
1702594212.236099,76
1702594212.338396,76
1702594212.440859,76
1702594212.543622,77
1702594212.646438,77
1702594212.749380,77
1702594212.854906,77
1702594212.957487,77
1702594213.059919,77
1702594213.163152,77
1702594213.265978,77
1702594213.368423,77
1702594213.471003,77
1702594213.575816,77
1702594213.678634,77
1702594213.790703,78
1702594213.896443,78
1702594213.999696,77
1702594214.102647,77
1702594214.204975,77
1702594214.309762,77
1702594214.412583,77
1702594214.515187,77
1702594214.619237,77
1702594214.725914,77
1702594214.832139,77
1702594214.934881,77
1702594215.037229,78
1702594215.139649,78
1702594215.242337,78
1702594215.344571,78
1702594215.446589,78
1702594215.548599,78
1702594215.650696,78
1702594215.752834,78
1702594215.857899,80
1702594215.960324,80
1702594216.062849,81
1702594216.165739,81
1702594216.268553,81
1702594216.371466,81
1702594216.473972,80
1702594216.576118,81
1702594216.678500,81
1702594216.786889,81
1702594216.889658,81
1702594216.992069,81
1702594217.094293,81
1702594217.196470,81
1702594217.299309,81
1702594217.402258,81
1702594217.508475,81
1702594217.612096,81
1702594217.715147,81
1702594217.821846,81
1702594217.924570,81
1702594218.028975,82
1702594218.131910,82
1702594218.234232,82
1702594218.336708,82
1702594218.439721,82
1702594218.542283,82
1702594218.644814,81
1702594218.749082,81
1702594218.858748,81
1702594218.963926,81
1702594219.069150,81
1702594219.173004,82
1702594219.276191,82
1702594219.378759,83
1702594219.481031,81
1702594219.583110,81
1702594219.685316,81
1702594219.790519,81
1702594219.892854,82
1702594219.995219,82
1702594220.097373,82
1702594220.199359,82
1702594220.301604,83
1702594220.403784,83
1702594220.506224,81
1702594220.608445,81
1702594220.710632,81
1702594220.817445,81
1702594220.920442,81
1702594221.023108,81
1702594221.125358,81
1702594221.227770,81
1702594221.330175,81
1702594221.432497,81
1702594221.534854,81
1702594221.637179,81
1702594221.739664,81
1702594221.845001,81
1702594221.947889,81
1702594222.050337,81
1702594222.152941,81
1702594222.255430,81
1702594222.357724,81
1702594222.460924,82
1702594222.563579,82
1702594222.666185,82
1702594222.768402,82
1702594222.873443,82
1702594222.975846,82
1702594223.078066,82
1702594223.180574,82
1702594223.289859,83
1702594223.392224,82
1702594223.494308,83
1702594223.596543,83
1702594223.698742,83
1702594223.804525,83
1702594223.906931,83
1702594224.009598,83
1702594224.111805,84
1702594224.214026,83
1702594224.316337,84
1702594224.418955,84
1702594224.521470,84
1702594224.625625,84
1702594224.729584,85
1702594224.835040,85
1702594224.937498,85
1702594225.040318,85
1702594225.142594,85
1702594225.244832,85
1702594225.347120,85
1702594225.449722,85
1702594225.552465,85
1702594225.658285,85
1702594225.762379,85
1702594225.869702,85
1702594225.975582,85
1702594226.078867,86
1702594226.181237,86
1702594226.283688,87
1702594226.386016,86
1702594226.488513,86
1702594226.590972,87
1702594226.693566,87
1702594226.799442,85
1702594226.901953,85
1702594227.004326,86
1702594227.106706,86
1702594227.209090,86
1702594227.311377,86
1702594227.413574,86
1702594227.516308,86
1702594227.618701,86
1702594227.720862,86
1702594227.826251,85
1702594227.928704,85
1702594228.031330,84
1702594228.133643,85
1702594228.236050,85
1702594228.338443,85
1702594228.441057,85
1702594228.545391,85
1702594228.648492,84
1702594228.751289,85
1702594228.857235,85
1702594228.960058,84
1702594229.062617,84
1702594229.166167,84
1702594229.269039,84
1702594229.371802,85
1702594229.474784,85
1702594229.577836,85
1702594229.680997,85
1702594229.787810,85
1702594229.891399,85
1702594229.995323,86
1702594230.098746,86
1702594230.204530,86
1702594230.307561,86
1702594230.410523,86
1702594230.513167,86
1702594230.615946,86
1702594230.718719,86
1702594230.825778,86
1702594230.928659,86
1702594231.031891,87
1702594231.137460,86
1702594231.240455,86
1702594231.343297,86
1702594231.446082,86
1702594231.549355,86
1702594231.652328,86
1702594231.755312,88
1702594231.870144,88
1702594231.973313,88
1702594232.079762,87
1702594232.183074,87
1702594232.286237,87
1702594232.404679,87
1702594232.514483,88
1702594232.620675,88
1702594232.723575,88
1702594232.830036,89
1702594232.939831,88
1702594233.042710,89
1702594233.145245,89
1702594233.248404,90
1702594233.351422,89
1702594233.454131,89
1702594233.556917,90
1702594233.659596,89
1702594233.762042,89
1702594233.866976,89
1702594233.969929,89
1702594234.072668,89
1702594234.175601,89
1702594234.278794,90
1702594234.382069,90
1702594234.485109,90
1702594234.588230,90
1702594234.691306,90
1702594234.798047,90
1702594234.901762,90
1702594235.004502,90
1702594235.107750,90
1702594235.211029,90
1702594235.318241,90
1702594235.421090,90
1702594235.523621,89
1702594235.625934,89
1702594235.728080,90
1702594235.834201,89
1702594235.936599,88
1702594236.039199,89
1702594236.141381,90
1702594236.243556,89
1702594236.345883,89
1702594236.448697,89
1702594236.550779,89
1702594236.652844,89
1702594236.754994,89
1702594236.860286,89
1702594236.963208,89
1702594237.065943,89
1702594237.168115,89
1702594237.270352,89
1702594237.372542,89
1702594237.474689,89
1702594237.577359,89
1702594237.679532,89
1702594237.785508,89
1702594237.888027,90
1702594237.990376,90
1702594238.092490,89
1702594238.195099,89
1702594238.297586,90
1702594238.399832,89
1702594238.502267,89
1702594238.604495,89
1702594238.706602,90
1702594238.812350,89
1702594238.914886,89
1702594239.017444,90
1702594239.119672,89
1702594239.221968,90
1702594239.324271,90
1702594239.426912,90
1702594239.529173,90
1702594239.631445,90
1702594239.733602,90
1702594239.839191,90
1702594239.942317,90
1702594240.044497,90
1702594240.146644,90
1702594240.249038,90
1702594240.351655,90
1702594240.453905,92
1702594240.556118,92
1702594240.658355,91
1702594240.760542,91
1702594240.865594,92
1702594240.967923,91
1702594241.070500,91
1702594241.172625,92
1702594241.274717,92
1702594241.376711,91
1702594241.478827,93
1702594241.580790,93
1702594241.683044,91
1702594241.789140,94
1702594241.891764,94
1702594241.994469,94
1702594242.097256,94
1702594242.199907,94
1702594242.302090,94
1702594242.404404,93
1702594242.506823,94
1702594242.609580,94
1702594242.711783,94
1702594242.817691,94
1702594242.920027,94
1702594243.023043,95
1702594243.125833,95
1702594243.228492,94
1702594243.331054,95
1702594243.434050,95
1702594243.536495,94
1702594243.639253,94
1702594243.741449,95
1702594243.847001,95
1702594243.949573,94
1702594244.051830,95
1702594244.153958,94
1702594244.256622,94
1702594244.358881,94
1702594244.461506,93
1702594244.563968,93
1702594244.666218,94
1702594244.769228,93
1702594244.874078,93
1702594244.976170,93
1702594245.078743,93
1702594245.181350,93
1702594245.284794,93
1702594245.387278,92
1702594245.489585,92
1702594245.591778,93
1702594245.693973,92
1702594245.799740,92
1702594245.902382,93
1702594246.004557,94
1702594246.107228,93
1702594246.209523,93
1702594246.311898,94
1702594246.414207,94
1702594246.516427,93
1702594246.618654,94
1702594246.720847,94
1702594246.825988,94
1702594246.928634,94
1702594247.030828,94
1702594247.132950,94
1702594247.235120,94
1702594247.337452,94
1702594247.439845,94
1702594247.542448,94
1702594247.644835,94
1702594247.748225,94
1702594247.853867,95
1702594247.956227,94
1702594248.058666,95
1702594248.160897,95
1702594248.262955,94
1702594248.365596,94
1702594248.467744,95
1702594248.583132,95
1702594248.689527,94
1702594248.804911,94
1702594248.908279,95
1702594249.011024,93
1702594249.113725,93
1702594249.216166,94
1702594249.318736,95
1702594249.424596,95
1702594249.527400,95
1702594249.630126,95
1702594249.732414,95
1702594249.837367,96
1702594249.939896,96
1702594250.042721,96
1702594250.145350,96
1702594250.247749,97
1702594250.349949,97
1702594250.455865,97
1702594250.559031,97
1702594250.661779,98
1702594250.764191,98
1702594250.869864,97
1702594250.972654,98
1702594251.075622,98
1702594251.179190,97
1702594251.282121,97
1702594251.384831,98
1702594251.487404,98
1702594251.590270,97
1702594251.692761,98
1702594251.798985,98
1702594251.901536,98
1702594252.003789,98
1702594252.106085,98
1702594252.208341,98
1702594252.310846,98
1702594252.413300,98
1702594252.515744,98
1702594252.618113,98
1702594252.720413,98
1702594252.825402,99
1702594252.928075,98
1702594253.030630,98
1702594253.133012,99
1702594253.237397,98
1702594253.340111,98
1702594253.442429,97
1702594253.545160,98
1702594253.647874,98
1702594253.752584,97
1702594253.858330,98
1702594253.961032,98
1702594254.063901,98
1702594254.166377,96
1702594254.268566,97
1702594254.370904,97
1702594254.473686,97
1702594254.576480,97
1702594254.679210,97
1702594254.785300,97
1702594254.888008,97
1702594254.990430,97
1702594255.092660,97
1702594255.195084,96
1702594255.297780,97
1702594255.400431,97
1702594255.502888,97
1702594255.605601,97
1702594255.708308,97
1702594255.814423,98
1702594255.917392,98
1702594256.020374,97
1702594256.122871,98
1702594256.225108,98
1702594256.328075,97
1702594256.430407,98
1702594256.532638,98
1702594256.635019,98
1702594256.737780,97
1702594256.843852,99
1702594256.946749,99
1702594257.049336,98
1702594257.151806,99
1702594257.254296,99
1702594257.356520,99
1702594257.458818,99
1702594257.561543,99
1702594257.664001,99
1702594257.766324,99
1702594257.871649,99
1702594257.974663,99
1702594258.077976,99
1702594258.180542,100
1702594258.283550,99
1702594258.387119,99
1702594258.489729,99
1702594258.592084,100
1702594258.694798,100
1702594258.800689,100
1702594258.903506,98
1702594259.007087,99
1702594259.110215,99
1702594259.212911,98
1702594259.315361,99
1702594259.418316,99
1702594259.520582,99
1702594259.622973,98
1702594259.725665,99
1702594259.831015,99
1702594259.933630,99
1702594260.036261,99
1702594260.138780,99
1702594260.241011,99
1702594260.345094,98
1702594260.448158,98
1702594260.550447,99
1702594260.653187,99
1702594260.755514,99
1702594260.861665,100
1702594260.964131,100
1702594261.066450,99
1702594261.168882,98
1702594261.271401,97
1702594261.373740,91
1702594261.476098,84
1702594261.578293,76
1702594261.680499,68
1702594261.786702,60
1702594261.889141,56
1702594261.991560,50
1702594262.094204,51
1702594262.196243,51
1702594262.298378,51
1702594262.401516,51
1702594262.504261,50
1702594262.607431,52
1702594262.710883,52
1702594262.816803,51
1702594262.919415,51
1702594263.021680,51
1702594263.123870,51
1702594263.225843,51
1702594263.328084,51
1702594263.430369,51
1702594263.532626,51
1702594263.635019,51
1702594263.737781,51
1702594263.843043,51
1702594263.946001,52
1702594264.048709,52
1702594264.152464,52
1702594264.255329,52
1702594264.358159,52
1702594264.461765,52
1702594264.564564,52
1702594264.666974,52
1702594264.769945,52
1702594264.875286,52
1702594264.979626,52
1702594265.083471,52
1702594265.187440,52
1702594265.290326,52
1702594265.392857,53
1702594265.495104,53
1702594265.597667,53
1702594265.700103,53
1702594265.806118,53
1702594265.909191,53
1702594266.011885,53
1702594266.114344,53
1702594266.216578,53
1702594266.318704,53
1702594266.420935,53
1702594266.523577,53
1702594266.626699,53
1702594266.731159,54
1702594266.836825,54
1702594266.939361,55
1702594267.041729,55
1702594267.143799,55
1702594267.245991,55
1702594267.348265,55
1702594267.450684,55
1702594267.553909,55
1702594267.660768,55
1702594267.763538,55
1702594267.869580,56
1702594267.971987,57
1702594268.074814,56
1702594268.177126,56
1702594268.279755,55
1702594268.382179,57
1702594268.484349,57
1702594268.586700,57
1702594268.688920,57
1702594268.794552,57
1702594268.896906,57
1702594268.999362,56
1702594269.101933,56
1702594269.204454,56
1702594269.306782,56
1702594269.409427,57
1702594269.511937,56
1702594269.614454,56
1702594269.717156,56
1702594269.822420,56
1702594269.924762,57
1702594270.027112,57
1702594270.129400,57
1702594270.233117,57
1702594270.335937,57
1702594270.439040,56
1702594270.541792,56
1702594270.644031,56
1702594270.746325,57
1702594270.851416,58
1702594270.954076,56
1702594271.056614,56
1702594271.159430,57
1702594271.264175,58
1702594271.366914,56
1702594271.469876,57
1702594271.572442,57
1702594271.680712,57
1702594271.791476,58
1702594271.898375,58
1702594272.002233,57
1702594272.104844,58
1702594272.207175,58
1702594272.309394,59
1702594272.411448,58
1702594272.513422,58
1702594272.615999,58
1702594272.718304,59
1702594272.823354,58
1702594272.925857,58
1702594273.027939,59
1702594273.129945,59
1702594273.232253,59
1702594273.334366,59
1702594273.436467,59
1702594273.538434,59
1702594273.640543,59
1702594273.743250,59
1702594273.848855,59
1702594273.951425,59
1702594274.053749,60
1702594274.155822,61
1702594274.257937,60
1702594274.360267,60
1702594274.462964,61
1702594274.565128,60
1702594274.667192,60
1702594274.769935,61
1702594274.872489,60
1702594274.974906,61
1702594275.077684,61
1702594275.180066,61
1702594275.282423,61
1702594275.384557,61
1702594275.486618,61
1702594275.588805,62
1702594275.691219,60
1702594275.797132,61
1702594275.899800,61
1702594276.002511,62
1702594276.105351,61
1702594276.208043,61
1702594276.310442,62
1702594276.412543,62
1702594276.515198,61
1702594276.620646,61
1702594276.723428,61
1702594276.828431,61
1702594276.935269,61
1702594277.038122,61
1702594277.141220,61
1702594277.245722,61
1702594277.349022,62
1702594277.451819,62
1702594277.554720,61
1702594277.656992,61
1702594277.763524,63
1702594277.869216,62
1702594277.972059,62
1702594278.074782,63
1702594278.177071,63
1702594278.279680,63
1702594278.382506,63
1702594278.486777,63
1702594278.591245,63
1702594278.696540,63
1702594278.802732,63
1702594278.905551,64
1702594279.008575,63
1702594279.111322,63
1702594279.213755,64
1702594279.316153,63
1702594279.418969,63
1702594279.524025,64
1702594279.626873,64
1702594279.732098,62
1702594279.839074,63
1702594279.942198,63
1702594280.044797,63
1702594280.147440,63
1702594280.250260,63
1702594280.352937,63
1702594280.455719,63
1702594280.558295,63
1702594280.660760,64
1702594280.762954,64
1702594280.867866,63
1702594280.970162,64
1702594281.072556,64
1702594281.174736,63
1702594281.276938,64
1702594281.379076,65
1702594281.481101,65
1702594281.583217,66
1702594281.685392,66
1702594281.791014,66
1702594281.893243,66
1702594281.996597,66
1702594282.099122,66
1702594282.201361,66
1702594282.303397,66
1702594282.405617,66
1702594282.508033,67
1702594282.610664,66
1702594282.713376,66
1702594282.818829,67
1702594282.921259,67
1702594283.023554,66
1702594283.126054,66
1702594283.228493,67
1702594283.330648,65
1702594283.432816,67
1702594283.535014,67
1702594283.637814,67
1702594283.740017,67
1702594283.845157,67
1702594283.947748,67
1702594284.050294,67
1702594284.152606,67
