1702593873.591660,3
1702593873.695973,8
1702593873.802137,18
1702593873.904176,20
1702593874.006907,20
1702593874.109067,20
1702593874.211129,20
1702593874.313452,20
1702593874.415565,20
1702593874.517496,20
1702593874.620359,20
1702593874.722499,20
1702593874.827646,20
1702593874.929826,20
1702593875.033181,20
1702593875.135325,20
1702593875.237556,20
1702593875.339942,20
1702593875.442321,20
1702593875.544745,19
1702593875.647014,20
1702593875.748790,19
1702593875.854422,20
1702593875.956550,20
1702593876.059326,20
1702593876.161484,20
1702593876.264916,20
1702593876.368973,20
1702593876.473523,20
1702593876.577123,19
1702593876.679722,20
1702593876.786468,20
1702593876.888751,19
1702593876.991009,20
1702593877.093002,19
1702593877.195727,14
1702593877.298152,14
1702593877.400345,14
1702593877.502523,14
1702593877.604615,14
1702593877.706728,14
1702593877.812530,14
1702593877.914754,14
1702593878.016689,14
1702593878.118778,15
1702593878.220812,15
1702593878.322946,15
1702593878.425454,15
1702593878.527704,15
1702593878.629958,16
1702593878.732035,16
1702593878.836840,15
1702593878.939896,15
1702593879.042484,15
1702593879.144753,15
1702593879.246784,15
1702593879.348877,15
1702593879.451093,17
1702593879.553397,17
1702593879.655719,18
1702593879.757678,18
1702593879.859964,18
1702593879.962207,18
1702593880.064235,18
1702593880.166367,18
1702593880.268405,18
1702593880.371197,17
1702593880.473691,18
1702593880.575839,18
1702593880.678244,18
1702593880.783591,19
1702593880.886117,19
1702593880.988490,19
1702593881.090862,20
1702593881.192836,19
1702593881.294955,19
1702593881.397257,20
1702593881.499669,19
1702593881.601846,19
1702593881.704325,19
1702593881.809369,19
1702593881.911549,18
1702593882.013668,17
1702593882.115995,17
1702593882.218177,17
1702593882.321045,17
1702593882.423342,17
1702593882.526642,18
1702593882.629872,18
1702593882.732441,18
1702593882.837871,18
1702593882.940670,18
1702593883.043441,18
1702593883.145877,18
1702593883.248046,18
1702593883.351138,18
1702593883.454116,18
1702593883.556863,18
1702593883.659885,18
1702593883.762069,18
1702593883.866584,18
1702593883.969434,19
1702593884.072116,18
1702593884.174805,20
1702593884.276768,19
1702593884.379422,20
1702593884.481641,20
1702593884.583869,20
1702593884.686184,20
1702593884.792143,20
1702593884.894538,20
1702593884.996698,20
1702593885.100083,20
1702593885.202851,20
1702593885.305233,20
1702593885.407608,20
1702593885.510499,20
1702593885.613366,20
1702593885.716641,20
1702593885.823310,20
1702593885.926513,20
1702593886.029773,19
1702593886.133375,19
1702593886.236164,18
1702593886.338598,17
1702593886.441357,18
1702593886.544039,18
1702593886.646900,18
1702593886.751297,19
1702593886.854109,18
1702593886.956681,18
1702593887.058881,18
1702593887.161077,18
1702593887.263204,18
1702593887.366080,18
1702593887.469548,19
1702593887.572745,18
1702593887.675413,19
1702593887.785080,19
1702593887.887990,19
1702593887.990390,20
1702593888.092466,18
1702593888.194526,18
1702593888.297000,19
1702593888.399978,19
1702593888.502639,19
1702593888.607728,20
1702593888.710460,20
1702593888.816111,20
1702593888.918809,20
1702593889.021891,20
1702593889.124372,20
1702593889.226579,18
1702593889.328844,17
1702593889.431071,16
1702593889.533473,16
1702593889.635644,16
1702593889.737614,16
1702593889.842913,16
1702593889.944959,16
1702593890.047032,16
1702593890.149554,16
1702593890.251538,16
1702593890.353884,16
1702593890.455933,16
1702593890.558282,16
1702593890.661039,16
1702593890.763178,16
1702593890.868253,16
1702593890.971083,16
1702593891.073427,16
1702593891.175958,16
1702593891.278268,16
1702593891.380932,16
1702593891.483681,16
1702593891.586681,16
1702593891.689406,16
1702593891.794570,17
1702593891.896836,18
1702593891.999056,18
1702593892.106607,17
1702593892.209219,19
1702593892.312128,19
1702593892.414970,19
1702593892.517394,19
1702593892.619812,19
1702593892.722493,19
1702593892.827399,19
1702593892.930409,19
1702593893.035362,19
1702593893.138260,19
1702593893.241085,19
1702593893.343888,19
1702593893.446648,19
1702593893.549371,19
1702593893.748726,18
1702593893.911187,18
1702593894.070400,16
1702593894.177609,16
1702593894.282032,16
1702593894.385437,16
1702593894.489454,16
1702593894.592878,16
1702593894.695530,16
1702593894.802242,16
1702593894.904904,16
1702593895.007481,16
1702593895.109944,16
1702593895.220673,16
1702593895.332294,16
1702593895.440004,17
1702593895.548419,17
1702593895.667475,17
1702593895.775037,17
1702593895.881626,18
1702593895.984372,18
1702593896.087158,18
1702593896.189975,18
1702593896.292466,19
1702593896.395321,20
1702593896.497886,20
1702593896.600784,20
1702593896.706295,20
1702593896.814503,20
1702593896.917435,20
1702593897.020165,20
1702593897.123177,20
1702593897.226048,19
1702593897.329955,19
1702593897.432840,18
1702593897.536307,18
1702593897.645526,17
1702593897.750438,18
1702593897.854773,19
1702593897.957852,19
1702593898.060860,19
1702593898.167159,18
1702593898.270792,18
1702593898.373902,18
1702593898.476638,18
1702593898.579735,18
1702593898.683410,18
1702593898.789620,19
1702593898.892569,19
1702593898.995444,19
1702593899.097756,19
1702593899.200837,20
1702593899.303384,19
1702593899.405766,19
1702593899.508838,20
1702593899.616143,19
1702593899.725419,20
1702593899.838273,20
1702593899.944895,20
1702593900.048045,20
1702593900.151020,20
1702593900.253725,20
1702593900.356420,20
1702593900.459441,20
1702593900.562577,20
1702593900.665481,20
1702593900.768230,20
1702593900.875329,20
1702593900.978388,19
1702593901.081600,17
1702593901.184324,16
1702593901.286812,16
1702593901.389593,17
1702593901.491876,17
1702593901.596064,17
1702593901.701937,17
1702593901.805012,17
1702593901.907850,17
1702593902.010641,17
1702593902.113458,17
1702593902.215941,17
1702593902.318259,17
1702593902.420424,17
1702593902.522334,17
1702593902.624625,17
1702593902.727058,17
1702593902.832913,17
1702593902.935294,17
1702593903.037452,17
1702593903.139691,17
1702593903.245892,18
1702593903.348956,18
1702593903.451884,19
1702593903.555231,19
1702593903.657578,19
1702593903.760558,19
1702593903.864889,19
1702593903.967742,18
1702593904.070237,18
1702593904.172586,19
1702593904.274655,19
1702593904.376936,19
1702593904.478951,19
1702593904.581379,20
1702593904.683669,20
1702593904.789327,20
1702593904.891469,20
1702593904.993785,20
1702593905.095851,20
1702593905.198107,20
1702593905.300440,20
1702593905.403093,20
1702593905.505330,19
1702593905.607613,18
1702593905.709998,18
1702593905.815926,19
1702593905.918000,19
1702593906.020305,20
1702593906.122416,20
1702593906.224487,19
1702593906.327323,19
1702593906.429849,19
1702593906.531892,19
1702593906.634365,19
1702593906.736543,19
1702593906.841474,19
1702593906.944259,19
1702593907.046731,19
1702593907.148982,19
1702593907.251194,19
1702593907.353318,19
1702593907.455248,19
1702593907.557461,19
1702593907.659935,19
1702593907.762115,19
1702593907.866586,19
1702593907.968671,19
1702593908.070642,19
1702593908.172616,19
1702593908.274524,19
1702593908.376648,19
1702593908.479097,20
1702593908.581447,19
1702593908.683818,19
1702593908.790529,20
1702593908.895028,19
1702593908.997667,19
1702593909.100169,18
1702593909.202222,18
1702593909.304277,17
1702593909.406425,17
1702593909.509052,16
1702593909.611516,16
1702593909.713558,16
1702593909.817950,16
1702593909.919898,16
1702593910.021801,16
1702593910.123799,16
1702593910.225721,17
1702593910.331491,16
1702593910.434063,16
1702593910.535958,17
1702593910.638237,17
1702593910.740365,17
1702593910.844936,17
1702593910.947196,17
1702593911.049249,17
1702593911.151173,17
1702593911.253064,17
1702593911.355564,17
1702593911.457776,17
1702593911.560007,18
1702593911.662481,18
1702593911.764917,18
1702593911.869625,18
1702593911.971766,19
1702593912.073841,20
1702593912.175918,20
1702593912.277970,20
1702593912.380484,20
1702593912.482718,20
1702593912.584643,20
1702593912.686646,20
1702593912.792721,20
1702593912.895121,20
1702593912.997188,20
1702593913.099155,20
1702593913.201025,20
1702593913.303043,20
1702593913.405021,20
1702593913.507464,20
1702593913.609446,19
1702593913.711304,18
1702593913.817138,18
1702593913.919119,18
1702593914.021759,18
1702593914.123942,18
1702593914.225850,19
1702593914.327769,19
1702593914.429738,19
1702593914.531693,20
1702593914.635122,20
1702593914.737061,20
1702593914.838989,19
1702593914.940937,19
1702593915.043231,18
1702593915.145468,19
1702593915.247380,19
1702593915.349310,19
1702593915.451093,19
1702593915.552854,19
1702593915.654763,19
1702593915.756847,19
1702593915.861953,19
1702593915.963785,19
1702593916.066129,19
1702593916.168192,19
1702593916.270231,19
1702593916.372175,19
1702593916.474027,20
1702593916.575879,18
1702593916.677694,17
1702593916.784911,16
1702593916.887360,15
1702593916.989662,15
1702593917.091650,15
1702593917.193466,15
1702593917.295708,15
1702593917.397676,15
1702593917.499831,15
1702593917.601776,15
1702593917.703630,15
1702593917.808083,15
1702593917.910019,15
1702593918.012078,15
1702593918.114210,15
1702593918.215987,16
1702593918.318083,16
1702593918.420467,16
1702593918.522440,16
1702593918.624413,15
1702593918.726266,15
1702593918.832292,16
1702593918.934345,16
1702593919.036869,15
1702593919.139048,16
1702593919.241023,17
1702593919.343224,17
1702593919.445065,17
1702593919.546898,17
1702593919.648794,18
1702593919.751029,18
1702593919.855699,17
1702593919.957724,18
1702593920.059774,19
1702593920.161638,19
1702593920.263488,20
1702593920.365639,19
1702593920.467575,20
1702593920.569570,20
1702593920.671875,20
1702593920.773866,20
1702593920.878477,20
1702593920.981031,20
1702593921.083076,20
1702593921.184883,20
1702593921.286724,19
1702593921.388597,17
1702593921.490571,12
1702593921.592780,11
1702593921.695593,12
1702593921.800884,12
1702593921.902916,13
1702593922.005445,12
1702593922.107553,13
1702593922.209515,14
1702593922.311588,14
1702593922.413489,14
1702593922.515356,14
1702593922.617236,15
1702593922.719278,14
1702593922.824952,15
1702593922.927589,15
1702593923.029850,16
1702593923.131777,15
1702593923.233687,17
1702593923.335855,16
1702593923.438377,18
1702593923.540567,18
1702593923.642678,17
1702593923.744834,18
1702593923.851006,18
1702593923.953158,18
1702593924.055621,19
1702593924.157714,17
1702593924.259739,19
1702593924.361860,19
1702593924.463927,20
1702593924.565890,19
1702593924.667795,19
1702593924.769746,20
1702593924.874240,20
1702593924.976295,20
1702593925.078198,20
1702593925.180134,20
1702593925.282096,20
1702593925.384044,20
1702593925.485950,20
1702593925.587980,18
1702593925.690009,17
1702593925.795301,17
1702593925.897436,14
1702593925.999393,12
1702593926.101362,12
1702593926.203193,13
1702593926.305118,13
1702593926.407060,13
1702593926.509890,12
1702593926.611964,13
1702593926.714096,13
1702593926.819454,14
1702593926.921456,15
1702593927.023655,14
1702593927.125774,15
1702593927.227782,15
1702593927.329767,16
1702593927.431739,16
1702593927.533651,16
1702593927.635655,16
1702593927.737693,18
1702593927.842593,17
1702593927.944389,18
1702593928.046269,18
1702593928.148045,18
1702593928.249794,18
1702593928.352164,19
1702593928.454445,19
1702593928.556395,19
1702593928.658336,19
1702593928.760247,20
1702593928.865079,20
1702593928.966979,19
1702593929.069814,20
1702593929.171997,20
1702593929.273931,20
1702593929.375864,20
1702593929.477745,20
1702593929.579724,20
1702593929.681536,20
1702593929.787083,20
1702593929.889038,20
1702593929.990872,19
1702593930.092690,20
1702593930.194543,20
1702593930.296458,20
1702593930.398392,20
1702593930.500341,20
1702593930.602363,20
1702593930.704236,20
1702593930.809635,20
1702593930.911576,20
1702593931.013527,19
1702593931.115586,19
1702593931.217465,18
1702593931.319318,11
1702593931.424890,11
1702593931.527536,13
1702593931.629698,14
1702593931.731772,15
1702593931.833838,14
1702593931.935810,14
1702593932.037930,14
1702593932.140084,15
1702593932.241997,14
1702593932.343952,15
1702593932.445855,15
1702593932.547647,15
1702593932.649481,15
1702593932.751310,16
1702593932.855900,16
1702593932.957967,16
1702593933.059888,17
1702593933.161850,17
1702593933.263557,17
1702593933.365487,17
1702593933.467774,18
1702593933.569870,19
1702593933.671818,17
1702593933.773694,19
1702593933.879112,18
1702593933.980983,20
1702593934.083589,18
1702593934.185718,19
1702593934.287568,20
1702593934.389460,20
1702593934.491225,20
1702593934.593133,20
1702593934.695002,20
1702593934.800318,20
1702593934.902400,20
1702593935.004160,20
1702593935.105929,19
1702593935.207731,20
1702593935.309817,20
1702593935.411734,20
1702593935.513651,19
1702593935.615690,18
1702593935.717844,18
1702593935.822555,15
1702593935.924600,10
1702593936.026687,11
1702593936.128581,11
1702593936.230440,11
1702593936.332243,12
1702593936.434100,12
1702593936.535949,13
1702593936.637869,12
1702593936.739796,14
1702593936.844418,13
1702593936.946382,14
1702593937.048358,13
1702593937.150306,16
1702593937.252287,16
1702593937.354169,16
1702593937.456170,17
1702593937.558002,17
1702593937.659997,16
1702593937.762502,16
1702593937.867441,17
1702593937.969506,17
1702593938.071378,17
1702593938.173232,17
1702593938.275229,18
1702593938.377207,18
1702593938.480156,18
1702593938.582140,18
1702593938.684105,19
1702593938.789586,19
1702593938.893642,20
1702593938.995575,20
1702593939.098050,20
1702593939.200057,20
1702593939.301901,20
1702593939.403876,20
1702593939.505755,19
1702593939.607671,20
1702593939.709615,20
1702593939.814753,20
1702593939.916694,20
1702593940.018580,20
1702593940.120489,20
1702593940.222317,20
1702593940.324470,20
1702593940.426507,19
1702593940.528346,18
1702593940.630406,13
1702593940.732218,11
1702593940.837070,13
1702593940.938926,14
1702593941.040715,12
1702593941.142818,13
1702593941.244706,14
1702593941.346538,13
1702593941.448487,14
1702593941.550347,14
1702593941.652333,15
1702593941.754397,14
1702593941.858900,15
1702593941.960911,15
1702593942.062737,15
1702593942.164680,15
1702593942.266588,16
1702593942.369088,16
1702593942.471103,16
1702593942.572983,17
1702593942.676906,17
1702593942.784086,18
1702593942.886882,19
1702593942.989720,19
1702593943.092022,18
1702593943.194020,16
1702593943.296097,17
1702593943.398100,16
1702593943.500593,15
1702593943.602862,12
1702593943.704954,9
1702593943.810760,9
1702593943.914134,10
1702593944.016104,10
1702593944.118742,11
1702593944.224433,11
1702593944.326671,11
1702593944.428700,12
1702593944.530755,12
1702593944.632837,12
1702593944.734838,12
1702593944.840065,14
1702593944.942070,14
1702593945.044145,14
1702593945.146084,15
1702593945.248129,15
1702593945.350212,16
1702593945.452063,15
1702593945.554002,17
1702593945.656328,17
1702593945.758379,17
1702593945.863822,17
1702593945.965787,18
1702593946.068097,17
1702593946.170250,18
1702593946.272282,18
1702593946.374308,19
1702593946.476279,18
1702593946.578498,19
1702593946.680418,19
1702593946.787622,19
1702593946.889931,20
1702593946.991922,20
1702593947.093987,20
1702593947.195995,20
1702593947.298006,20
1702593947.399951,20
1702593947.501886,20
1702593947.603814,20
1702593947.705769,20
1702593947.811426,20
1702593947.913484,20
1702593948.016620,18
1702593948.120255,16
1702593948.222343,10
1702593948.324522,10
1702593948.433046,12
1702593948.535421,11
1702593948.637480,12
1702593948.739316,12
1702593948.841633,13
1702593948.943691,15
1702593949.046277,12
1702593949.149061,14
1702593949.251452,13
1702593949.353509,14
1702593949.455454,13
1702593949.557407,15
1702593949.659333,16
1702593949.761354,16
1702593949.866363,15
1702593949.968385,16
1702593950.070490,16
1702593950.172410,16
1702593950.274359,17
1702593950.376373,17
1702593950.478416,17
1702593950.580353,17
1702593950.682368,18
1702593950.789330,19
1702593950.891410,19
1702593950.993342,19
1702593951.095549,19
1702593951.197640,19
1702593951.300166,20
1702593951.402250,20
1702593951.504427,20
1702593951.606433,20
1702593951.708283,20
1702593951.813732,20
1702593951.915651,19
1702593952.017662,20
1702593952.119730,20
1702593952.221714,20
1702593952.323727,20
1702593952.425849,20
1702593952.527789,20
1702593952.629838,20
1702593952.731902,20
1702593952.836778,19
1702593952.938917,18
1702593953.040821,13
1702593953.142705,11
1702593953.244631,12
1702593953.346589,13
1702593953.448522,12
1702593953.551109,13
1702593953.653194,13
1702593953.755186,13
1702593953.859718,14
1702593953.962406,14
1702593954.064339,16
1702593954.166839,15
1702593954.268828,16
1702593954.370976,16
1702593954.472900,16
1702593954.574767,16
1702593954.677122,16
1702593954.785327,16
1702593954.887504,16
1702593954.989433,17
1702593955.091430,17
1702593955.193315,16
1702593955.295153,17
1702593955.397679,18
1702593955.499744,18
1702593955.601683,17
1702593955.703614,18
1702593955.808121,18
1702593955.910249,19
1702593956.012158,19
1702593956.114075,19
1702593956.216686,19
1702593956.318766,19
1702593956.420668,19
1702593956.522772,19
1702593956.624681,19
1702593956.726505,18
1702593956.831017,18
1702593956.932933,18
1702593957.034978,17
1702593957.136839,15
1702593957.238759,10
1702593957.340615,10
1702593957.442543,11
1702593957.544372,11
1702593957.646302,13
1702593957.747932,13
1702593957.852850,13
1702593957.954881,14
1702593958.056747,14
1702593958.158893,14
1702593958.260737,14
1702593958.362605,15
1702593958.464492,15
1702593958.566779,16
1702593958.668731,15
1702593958.770643,17
1702593958.875393,15
1702593958.977473,17
1702593959.079938,16
1702593959.182591,18
1702593959.284909,17
1702593959.386912,18
1702593959.488675,18
1702593959.590588,18
1702593959.692474,20
1702593959.797992,20
1702593959.899976,20
1702593960.001855,20
1702593960.103603,20
1702593960.205473,20
1702593960.307371,19
1702593960.409389,20
1702593960.511736,20
1702593960.613753,20
1702593960.715678,20
1702593960.820646,20
1702593960.922893,20
1702593961.024754,20
1702593961.126833,20
1702593961.228615,20
1702593961.330506,20
1702593961.432326,19
1702593961.534271,20
1702593961.636899,20
1702593961.739019,20
1702593961.843899,19
1702593961.945967,19
1702593962.047961,16
1702593962.149728,10
1702593962.251498,11
1702593962.353230,12
1702593962.455115,12
1702593962.556905,13
1702593962.658985,13
1702593962.760924,14
1702593962.866177,13
1702593962.968060,14
1702593963.070050,15
1702593963.171862,15
1702593963.273611,15
1702593963.375478,15
1702593963.477659,16
1702593963.580023,16
1702593963.681977,15
1702593963.787782,16
1702593963.890082,16
1702593963.992438,16
1702593964.094494,17
1702593964.196860,17
1702593964.298806,17
1702593964.401026,17
1702593964.503119,18
1702593964.605175,18
1702593964.707162,18
1702593964.812407,18
1702593964.914408,19
1702593965.016182,19
1702593965.118037,19
1702593965.219949,20
1702593965.321889,20
1702593965.423850,19
1702593965.525832,20
1702593965.627934,20
1702593965.729869,20
1702593965.834844,20
1702593965.936726,20
1702593966.038659,20
1702593966.140529,20
1702593966.242410,20
1702593966.344180,20
1702593966.446175,20
1702593966.547989,20
1702593966.649743,19
1702593966.751573,19
1702593966.856125,13
1702593966.958006,12
1702593967.059913,12
1702593967.161658,12
1702593967.263471,13
1702593967.365407,13
1702593967.467193,14
1702593967.568920,14
1702593967.670831,14
1702593967.772574,14
1702593967.877074,15
1702593967.979398,14
1702593968.080988,15
1702593968.182764,15
1702593968.284569,16
1702593968.386396,15
1702593968.488462,18
1702593968.590488,17
1702593968.692570,19
1702593968.797230,17
1702593968.899189,18
1702593969.002016,18
1702593969.104083,19
1702593969.206936,18
1702593969.309162,18
1702593969.412577,19
1702593969.514428,19
1702593969.616340,19
1702593969.718372,20
1702593969.823880,18
1702593969.925843,20
1702593970.027607,20
1702593970.129336,20
1702593970.231058,20
1702593970.332847,20
1702593970.434864,19
1702593970.536744,20
1702593970.638597,20
1702593970.740322,20
1702593970.845832,20
1702593970.947917,19
1702593971.049699,20
1702593971.151369,20
1702593971.253109,20
1702593971.355059,19
1702593971.456945,19
1702593971.559036,14
1702593971.660836,11
1702593971.762951,11
1702593971.868330,11
1702593971.970503,11
1702593972.072292,13
1702593972.174069,13
1702593972.275813,13
1702593972.378732,13
1702593972.480745,14
1702593972.582657,15
1702593972.684444,15
1702593972.791175,15
1702593972.893236,15
1702593972.995019,16
1702593973.096906,15
1702593973.198667,16
1702593973.300437,16
1702593973.402287,16
1702593973.504590,16
1702593973.606704,18
1702593973.708482,18
1702593973.813577,18
1702593973.915452,18
1702593974.018303,19
1702593974.120045,19
1702593974.222332,20
1702593974.324296,20
1702593974.426539,20
1702593974.528580,19
1702593974.630615,19
1702593974.732371,20
1702593974.837375,20
1702593974.939309,20
1702593975.041256,19
1702593975.143563,19
1702593975.245471,19
1702593975.347631,20
1702593975.449830,20
1702593975.551639,19
1702593975.653476,18
1702593975.755296,14
1702593975.859940,12
1702593975.962141,12
1702593976.064106,12
1702593976.165917,12
1702593976.267582,13
1702593976.369704,14
1702593976.471747,13
1702593976.574131,14
1702593976.675895,14
1702593976.783468,14
1702593976.885543,14
1702593976.987519,15
1702593977.089448,15
1702593977.191240,15
1702593977.293146,16
1702593977.394950,16
1702593977.496775,16
1702593977.598843,17
1702593977.700592,17
1702593977.805157,17
1702593977.907174,17
1702593978.008922,17
1702593978.110715,18
1702593978.212646,17
1702593978.314483,18
1702593978.416386,18
1702593978.518730,18
1702593978.620692,18
1702593978.722567,19
1702593978.826900,19
1702593978.928816,18
1702593979.032774,19
1702593979.134810,20
1702593979.237212,19
1702593979.339408,18
1702593979.441225,20
1702593979.543297,19
1702593979.645131,19
1702593979.746930,20
1702593979.851374,19
1702593979.953399,19
1702593980.055455,20
1702593980.157642,19
1702593980.259603,20
1702593980.361620,19
1702593980.463573,18
1702593980.566065,11
1702593980.668260,13
1702593980.770079,12
1702593980.874465,13
1702593980.976373,14
1702593981.078430,15
1702593981.180219,15
1702593981.282061,15
1702593981.383907,16
1702593981.485846,15
1702593981.587842,15
1702593981.689988,15
1702593981.796104,17
1702593981.898209,15
1702593982.000410,17
1702593982.102690,16
1702593982.204367,16
1702593982.306221,17
1702593982.407927,18
1702593982.509802,18
1702593982.611815,18
1702593982.713573,19
1702593982.817995,18
1702593982.920065,19
1702593983.021893,19
1702593983.123672,19
1702593983.225440,20
1702593983.327493,19
1702593983.429525,20
1702593983.531934,20
1702593983.633936,20
1702593983.735821,20
1702593983.841402,20
1702593983.943490,20
1702593984.046002,20
1702593984.147861,20
1702593984.250613,20
1702593984.352555,18
1702593984.454718,17
1702593984.556555,11
1702593984.658547,11
1702593984.760288,11
1702593984.864667,11
1702593984.966670,13
1702593985.068486,13
1702593985.170306,13
1702593985.272100,13
1702593985.373970,14
1702593985.475792,14
1702593985.577642,14
1702593985.679693,15
1702593985.785812,15
1702593985.887836,15
1702593985.989722,15
1702593986.091538,16
1702593986.193300,16
1702593986.295138,16
1702593986.397748,17
1702593986.500524,17
1702593986.602651,16
1702593986.704699,18
1702593986.810460,19
1702593986.912687,20
1702593987.015107,19
1702593987.117088,20
1702593987.219599,20
1702593987.323447,20
1702593987.426380,20
1702593987.529286,19
1702593987.632330,19
1702593987.734914,19
1702593987.841170,19
1702593987.943930,19
1702593988.047639,18
1702593988.152208,14
1702593988.255156,11
1702593988.475921,12
1702593988.635492,13
1702593988.740592,13
1702593988.846453,13
1702593988.951049,13
1702593989.054996,14
1702593989.174572,14
1702593989.278762,14
1702593989.388272,15
1702593989.491457,15
1702593989.594074,15
1702593989.696760,16
1702593989.805822,16
1702593989.909030,16
1702593990.011928,16
1702593990.114894,16
1702593990.217436,17
1702593990.319696,16
1702593990.422150,17
1702593990.524302,17
1702593990.626580,17
1702593990.728662,18
1702593990.834267,18
1702593990.936645,18
1702593991.038738,18
1702593991.140850,19
1702593991.243215,19
1702593991.345947,19
1702593991.450777,20
1702593991.553404,20
1702593991.656160,20
1702593991.758932,19
1702593991.864691,20
1702593991.968263,20
1702593992.073531,20
1702593992.176472,20
1702593992.279325,18
1702593992.382342,16
1702593992.485180,12
1702593992.588302,11
1702593992.690768,13
1702593992.796917,13
1702593992.899735,13
1702593993.002361,13
1702593993.105203,13
1702593993.207773,13
1702593993.310775,13
1702593993.413628,14
1702593993.516460,14
1702593993.619655,14
1702593993.722516,15
1702593993.828197,15
1702593993.931060,15
1702593994.033889,15
1702593994.136105,16
1702593994.238780,16
1702593994.341217,16
1702593994.444020,17
1702593994.546448,17
1702593994.649392,17
1702593994.752118,17
1702593994.857710,17
1702593994.961084,18
1702593995.064450,17
1702593995.167181,18
1702593995.269907,18
1702593995.372919,18
1702593995.475679,19
1702593995.578488,19
1702593995.681860,20
1702593995.790381,20
1702593995.893343,20
1702593995.996204,20
1702593996.100149,19
1702593996.203501,20
1702593996.306072,20
1702593996.408798,20
1702593996.511222,19
1702593996.613610,18
1702593996.715868,13
1702593996.821647,12
1702593996.924198,12
1702593997.026918,12
1702593997.129578,13
1702593997.232301,12
1702593997.334681,13
1702593997.437306,14
1702593997.540348,14
1702593997.643070,14
1702593997.745193,14
1702593997.850583,15
1702593997.953558,14
1702593998.055805,16
1702593998.157938,16
1702593998.260260,17
1702593998.363089,16
1702593998.465690,17
1702593998.568201,17
1702593998.671687,16
1702593998.774135,17
1702593998.878893,17
1702593998.981182,17
1702593999.083538,17
1702593999.185658,18
1702593999.288244,18
1702593999.390743,17
1702593999.492932,18
1702593999.595451,18
1702593999.697950,19
1702593999.803707,18
1702593999.906151,19
1702594000.008419,19
1702594000.110651,19
1702594000.212650,20
1702594000.315092,20
1702594000.417251,20
1702594000.519548,20
1702594000.622043,20
1702594000.724391,20
1702594000.830938,20
1702594000.934417,20
1702594001.037307,20
1702594001.139881,20
1702594001.244837,20
1702594001.348068,19
1702594001.451453,19
1702594001.554343,16
1702594001.656794,12
1702594001.759362,12
1702594001.864832,12
1702594001.967520,12
1702594002.070331,13
1702594002.173492,14
1702594002.276056,14
1702594002.378624,14
1702594002.481302,14
1702594002.583665,15
1702594002.686048,14
1702594002.793172,15
1702594002.895571,15
1702594002.998299,16
1702594003.100531,15
1702594003.203281,16
1702594003.306679,16
1702594003.409920,16
1702594003.513429,16
1702594003.617471,17
1702594003.720348,18
1702594003.826128,18
1702594003.928471,19
1702594004.031441,19
1702594004.133896,18
1702594004.236759,18
1702594004.339291,19
1702594004.442232,19
1702594004.544835,17
1702594004.647504,18
1702594004.749921,18
1702594004.856948,18
1702594004.959671,17
1702594005.062445,15
1702594005.167420,11
1702594005.272857,11
1702594005.409626,11
1702594005.525033,12
1702594005.629373,12
1702594005.732628,11
1702594005.839287,13
1702594005.941965,12
1702594006.052794,12
1702594006.158992,13
1702594006.264930,13
1702594006.369379,13
1702594006.472379,14
1702594006.575132,14
1702594006.677935,14
1702594006.784736,15
1702594006.887838,17
1702594006.990262,17
1702594007.092794,17
1702594007.195093,17
1702594007.297426,18
1702594007.400229,18
1702594007.502926,18
1702594007.605762,18
1702594007.708375,18
1702594007.814154,18
1702594007.916448,19
1702594008.018800,19
1702594008.121484,19
1702594008.224016,19
1702594008.326853,20
1702594008.429611,20
1702594008.532329,20
1702594008.635307,20
1702594008.738070,20
1702594008.843641,20
1702594008.946536,19
1702594009.049360,20
1702594009.152006,20
1702594009.255882,20
1702594009.358667,20
1702594009.460945,19
1702594009.563594,20
1702594009.666267,19
1702594009.768916,20
1702594009.874170,19
1702594009.977593,18
1702594010.080642,16
1702594010.183642,10
1702594010.286337,11
1702594010.388661,12
1702594010.491413,13
1702594010.594337,13
1702594010.696938,13
1702594010.803348,13
1702594010.906132,14
1702594011.009140,14
1702594011.112487,13
1702594011.215681,13
1702594011.318765,15
1702594011.421604,14
1702594011.524822,15
1702594011.627530,16
1702594011.730156,16
1702594011.836507,17
1702594011.939061,17
1702594012.041473,18
1702594012.144074,18
1702594012.246628,18
1702594012.349330,18
1702594012.463836,19
1702594012.579021,18
1702594012.689164,18
1702594012.795363,19
1702594012.898090,18
1702594013.000876,19
1702594013.108610,19
1702594013.213967,19
1702594013.317344,19
1702594013.420181,19
1702594013.527015,20
1702594013.634260,18
1702594013.737705,19
1702594013.847053,19
1702594013.950171,20
1702594014.052932,19
1702594014.156025,18
1702594014.259355,15
1702594014.364074,11
1702594014.471183,11
1702594014.574094,13
1702594014.677088,14
1702594014.785757,12
1702594014.892436,13
1702594014.996139,13
1702594015.099277,13
1702594015.202110,14
1702594015.304834,14
1702594015.411527,15
1702594015.514493,14
1702594015.617975,15
1702594015.721106,15
1702594015.825750,15
1702594015.928558,15
1702594016.033666,16
1702594016.136379,16
1702594016.239151,17
1702594016.342131,18
1702594016.445215,18
1702594016.547850,18
1702594016.650551,18
1702594016.753730,19
1702594016.858963,18
1702594016.961975,17
1702594017.064554,18
1702594017.167379,18
1702594017.270026,19
1702594017.376063,19
1702594017.479741,19
1702594017.582653,19
1702594017.685280,19
1702594017.791546,20
1702594017.894447,19
1702594017.998807,20
1702594018.101916,20
1702594018.204362,20
1702594018.307036,20
1702594018.409564,20
1702594018.512817,20
1702594018.615654,20
1702594018.718170,20
1702594018.824394,20
1702594018.926879,19
1702594019.030658,18
1702594019.136649,14
1702594019.259735,11
1702594019.368984,11
1702594019.473320,12
1702594019.576335,11
1702594019.679456,14
1702594019.786353,15
1702594019.889110,13
1702594019.991700,14
1702594020.094401,14
1702594020.196649,15
1702594020.299305,14
1702594020.401766,15
1702594020.504357,15
1702594020.607103,15
1702594020.709673,16
1702594020.814175,16
1702594020.916831,16
1702594021.019102,16
1702594021.126951,17
1702594021.229583,17
1702594021.332304,17
1702594021.434699,17
1702594021.537187,18
1702594021.639908,19
1702594021.742623,19
1702594021.845226,20
1702594021.947835,20
1702594022.050468,19
1702594022.154714,20
1702594022.257214,20
1702594022.359624,20
1702594022.462404,20
1702594022.565211,17
1702594022.667879,16
1702594022.770288,9
1702594022.875795,11
1702594022.978555,12
1702594023.081155,12
1702594023.186835,12
1702594023.289849,12
1702594023.392743,13
1702594023.495516,12
1702594023.598214,13
1702594023.701027,14
1702594023.806533,14
1702594023.909177,14
1702594024.011863,15
1702594024.114564,15
1702594024.217382,15
1702594024.320734,15
1702594024.423667,16
1702594024.526181,16
1702594024.628769,16
1702594024.731446,16
1702594024.836435,17
1702594024.938833,17
1702594025.041374,16
1702594025.143589,17
1702594025.246349,17
1702594025.348545,17
1702594025.450548,18
1702594025.552834,18
1702594025.654967,18
1702594025.757703,18
1702594025.862118,19
1702594025.964473,19
1702594026.066546,18
1702594026.168610,19
1702594026.271312,19
1702594026.373969,20
1702594026.476118,18
1702594026.578357,19
1702594026.680532,20
1702594026.786525,19
1702594026.888786,19
1702594026.991134,20
1702594027.093198,19
1702594027.195086,18
1702594027.297107,19
1702594027.399583,19
1702594027.502027,18
1702594027.604251,18
1702594027.706780,16
1702594027.812454,13
1702594027.914842,13
1702594028.017522,13
1702594028.120213,13
1702594028.222994,13
1702594028.325781,13
1702594028.428625,14
1702594028.531216,14
1702594028.633940,14
1702594028.736223,14
1702594028.841452,15
1702594028.944304,15
1702594029.046898,15
1702594029.149503,16
1702594029.252543,16
1702594029.355667,15
1702594029.458274,16
1702594029.560969,16
1702594029.663735,18
1702594029.766892,16
1702594029.872520,18
1702594029.975154,17
1702594030.077798,18
1702594030.180641,19
1702594030.283533,18
1702594030.386446,19
1702594030.489050,19
1702594030.591352,20
1702594030.693750,20
1702594030.799667,19
1702594030.902321,20
1702594031.004677,20
1702594031.107017,20
1702594031.209645,19
1702594031.312561,19
1702594031.415148,19
1702594031.518052,19
1702594031.620855,19
1702594031.723622,18
1702594031.830000,15
1702594031.932720,10
1702594032.036060,10
1702594032.138826,11
1702594032.242471,11
1702594032.345578,11
1702594032.448367,12
1702594032.551307,12
1702594032.654213,12
1702594032.756591,12
1702594032.861761,14
1702594032.964003,14
1702594033.066171,14
1702594033.168922,16
1702594033.271506,15
1702594033.374330,17
1702594033.476691,16
1702594033.579564,18
1702594033.682508,18
1702594033.789521,17
1702594033.891817,18
1702594033.993891,18
1702594034.096234,18
1702594034.198632,18
1702594034.301545,18
1702594034.405241,19
1702594034.507972,18
1702594034.611174,19
1702594034.713975,19
1702594034.819514,18
1702594034.922236,20
1702594035.025212,20
1702594035.128215,20
1702594035.231099,20
1702594035.334565,20
1702594035.437365,20
1702594035.542374,19
1702594035.645842,20
1702594035.748852,20
1702594035.853512,20
1702594035.956671,20
1702594036.059618,20
1702594036.162500,20
1702594036.265326,20
1702594036.368098,20
1702594036.474689,20
1702594036.577756,19
1702594036.681449,19
1702594036.790206,13
1702594036.893347,12
1702594036.996456,12
1702594037.099298,12
1702594037.201924,12
1702594037.304494,13
1702594037.406903,12
1702594037.509744,13
1702594037.612777,15
1702594037.716114,14
1702594037.825123,14
1702594037.929805,15
1702594038.033557,16
1702594038.138244,14
1702594038.241044,16
1702594038.352155,17
1702594038.456223,17
1702594038.564937,17
1702594038.672083,18
1702594038.775064,19
1702594038.879896,19
1702594038.982352,19
1702594039.084462,20
1702594039.187221,20
1702594039.290295,20
1702594039.398163,20
1702594039.506040,19
1702594039.610938,18
1702594039.714314,19
1702594039.821090,20
1702594039.924691,19
1702594040.029395,20
1702594040.132471,20
1702594040.235218,20
1702594040.338086,20
1702594040.441162,20
1702594040.544097,19
1702594040.648118,18
1702594040.751156,14
1702594040.855309,10
1702594040.957984,11
1702594041.060658,11
1702594041.164902,11
1702594041.268005,12
1702594041.370945,14
1702594041.473477,13
1702594041.576280,14
1702594041.680368,14
1702594041.786828,14
1702594041.889845,14
1702594041.992731,15
1702594042.095205,15
1702594042.197473,15
1702594042.300114,16
1702594042.402813,16
1702594042.505227,17
1702594042.607610,18
1702594042.710180,18
1702594042.816031,18
1702594042.918590,18
1702594043.021075,18
1702594043.123385,19
1702594043.225981,18
1702594043.328483,19
1702594043.432574,19
1702594043.535369,19
1702594043.638085,19
1702594043.740607,20
1702594043.846439,20
1702594043.948913,19
1702594044.051573,20
1702594044.154074,20
1702594044.256967,20
1702594044.359715,19
1702594044.462112,20
1702594044.564443,20
1702594044.667023,19
1702594044.769298,19
1702594044.875892,15
1702594044.978771,12
1702594045.081506,10
1702594045.184256,11
1702594045.287241,11
1702594045.389851,12
1702594045.492915,12
1702594045.595993,12
1702594045.698775,14
1702594045.804179,12
1702594045.907460,13
1702594046.013584,13
1702594046.116826,15
1702594046.220156,14
1702594046.322907,15
1702594046.425506,14
1702594046.528348,14
1702594046.631293,15
1702594046.733869,16
1702594046.839916,17
1702594046.943329,17
1702594047.047482,18
1702594047.150584,18
1702594047.253521,18
1702594047.355753,18
1702594047.458339,19
1702594047.561394,19
1702594047.664267,19
1702594047.766695,19
1702594047.871950,19
1702594047.975713,19
1702594048.077914,20
1702594048.179897,20
1702594048.282933,20
1702594048.386119,20
1702594048.489142,20
1702594048.593319,20
1702594048.696188,19
1702594048.800424,20
1702594048.902967,20
1702594049.005538,20
1702594049.107915,20
1702594049.210869,20
1702594049.314232,20
1702594049.417209,20
1702594049.520104,19
1702594049.629471,18
1702594049.732059,15
1702594049.836036,10
1702594049.938507,11
1702594050.040503,12
1702594050.142508,13
1702594050.244516,13
1702594050.346568,13
1702594050.448769,15
1702594050.551030,13
1702594050.653795,14
1702594050.756564,13
1702594050.860873,15
1702594050.963901,14
1702594051.066888,15
1702594051.169683,15
1702594051.272975,15
1702594051.382175,15
1702594051.508594,17
1702594051.625806,16
1702594051.733963,17
1702594051.838793,17
1702594051.942064,17
1702594052.044666,18
1702594052.147653,18
1702594052.250254,19
1702594052.356636,17
1702594052.465766,18
1702594052.569076,18
1702594052.672222,20
1702594052.775211,18
1702594052.879189,19
1702594052.989995,19
1702594053.099573,19
1702594053.202525,20
1702594053.305291,19
1702594053.408118,19
1702594053.510999,20
1702594053.613640,19
1702594053.716406,19
1702594053.821155,19
1702594053.924019,20
1702594054.026227,20
1702594054.128163,20
1702594054.230937,20
1702594054.333143,19
1702594054.435404,18
1702594054.537573,15
1702594054.639903,11
1702594054.742552,12
1702594054.846757,13
1702594054.948911,12
1702594055.051168,13
1702594055.153170,13
1702594055.255214,14
1702594055.357355,13
1702594055.459433,14
1702594055.568698,15
1702594055.671262,14
1702594055.773909,16
1702594055.876412,16
1702594055.979049,15
1702594056.081523,16
1702594056.184258,17
1702594056.286907,16
1702594056.389529,16
1702594056.491681,17
1702594056.594392,17
1702594056.696985,17
1702594056.800850,17
1702594056.903138,17
1702594057.005183,18
1702594057.107825,17
1702594057.210226,19
1702594057.312321,18
1702594057.414332,18
1702594057.516465,18
1702594057.619161,19
1702594057.721798,20
1702594057.825497,19
1702594057.928351,19
1702594058.030733,19
1702594058.133145,20
1702594058.235787,18
1702594058.338576,18
1702594058.440898,18
1702594058.543969,17
1702594058.647228,16
1702594058.750152,10
1702594058.854307,10
1702594058.957705,12
1702594059.061957,12
1702594059.165378,13
1702594059.268379,13
1702594059.371479,13
1702594059.474399,14
1702594059.576950,14
1702594059.679242,14
1702594059.786255,14
1702594059.889460,15
1702594059.994034,15
1702594060.097241,15
1702594060.200181,15
1702594060.302842,16
1702594060.406129,15
1702594060.510150,17
1702594060.613887,16
1702594060.716943,18
1702594060.822190,17
1702594060.926365,18
1702594061.029205,18
1702594061.132979,18
1702594061.242718,19
1702594061.345531,18
1702594061.448483,20
1702594061.551814,20
1702594061.654849,20
1702594061.758662,20
1702594061.862233,19
1702594061.965717,20
1702594062.068979,19
1702594062.172197,18
1702594062.276391,19
1702594062.379312,19
1702594062.483135,19
1702594062.586053,20
1702594062.689360,20
1702594062.796295,20
1702594062.900551,20
1702594063.003500,20
1702594063.107844,20
1702594063.211049,20
1702594063.314157,20
1702594063.418069,20
1702594063.520976,20
1702594063.623595,20
1702594063.726359,19
1702594063.830873,20
1702594063.933562,20
1702594064.035863,18
1702594064.138194,19
1702594064.240945,14
1702594064.344299,11
1702594064.447837,11
1702594064.550757,12
1702594064.653636,12
1702594064.758172,13
1702594064.862328,14
1702594064.964641,14
1702594065.066654,15
1702594065.168505,14
1702594065.270491,16
1702594065.373119,15
1702594065.475466,17
1702594065.577585,15
1702594065.680139,16
1702594065.786788,16
1702594065.889704,17
1702594065.992463,17
1702594066.095263,18
1702594066.198008,18
1702594066.300547,18
1702594066.402844,19
1702594066.504855,19
1702594066.609057,18
1702594066.711820,19
1702594066.815747,20
1702594066.918059,20
1702594067.020816,18
1702594067.123065,20
1702594067.225905,20
1702594067.328603,20
1702594067.431064,19
1702594067.533228,18
1702594067.636972,13
1702594067.739751,10
1702594067.847742,10
1702594067.950718,11
1702594068.053561,11
1702594068.156210,11
1702594068.258881,12
1702594068.361436,12
1702594068.463751,13
1702594068.566200,12
1702594068.668870,14
1702594068.771630,14
1702594068.875773,14
1702594068.978708,15
1702594069.081531,15
1702594069.184284,15
1702594069.287107,15
1702594069.389963,16
1702594069.492791,16
1702594069.595397,16
1702594069.698081,16
1702594069.804219,17
1702594069.906980,16
1702594070.009923,18
1702594070.112559,18
1702594070.215373,18
1702594070.322699,18
1702594070.426281,19
1702594070.530428,19
1702594070.633859,19
1702594070.739725,20
1702594070.843986,20
1702594070.946835,20
1702594071.049507,20
1702594071.152253,20
1702594071.255028,20
1702594071.357843,19
1702594071.460668,20
1702594071.563452,20
1702594071.666100,20
1702594071.774441,20
1702594071.878762,18
1702594071.981714,16
1702594072.087266,9
1702594072.190073,10
1702594072.292820,11
1702594072.395657,11
1702594072.498658,12
1702594072.601756,12
1702594072.704135,13
1702594072.809083,13
1702594072.914073,12
1702594073.017247,14
1702594073.122046,14
1702594073.225982,14
1702594073.331199,14
1702594073.433976,14
1702594073.536760,15
1702594073.639645,15
1702594073.742535,16
1702594073.847840,17
1702594073.950812,17
1702594074.053452,18
1702594074.155882,18
1702594074.258636,17
1702594074.361256,18
1702594074.463555,18
1702594074.566092,19
1702594074.668148,18
1702594074.770358,19
1702594074.874108,19
1702594074.976805,20
1702594075.079541,20
1702594075.181987,19
1702594075.284470,20
1702594075.387291,20
1702594075.489545,20
1702594075.591510,20
1702594075.693573,20
1702594075.798940,20
1702594075.901832,20
1702594076.004116,20
1702594076.106346,19
1702594076.208425,18
1702594076.310748,13
1702594076.413365,11
1702594076.515629,10
1702594076.619305,11
1702594076.724195,13
1702594076.830051,11
1702594076.932893,12
1702594077.035366,12
1702594077.138309,14
1702594077.242153,14
1702594077.345217,14
1702594077.448974,15
1702594077.553200,13
1702594077.656095,11
1702594077.759090,5
1702594077.862667,0
1702594077.965372,0
1702594078.068168,0
1702594078.171082,0
